1749212205408 0.537511944770813 0
1749212206672 0.6769709587097168 1
1749212208313 0.723691463470459 2
1749212209989 0.751492977142334 3
1749212211311 0.7760826945304871 4
1749212212408 0.8028805255889893 5
1749212213540 0.8170321583747864 6
1749212214889 0.8354493975639343 7
1749212216133 0.8444321751594543 8
1749212217440 0.8566266894340515 9
1749212218733 0.8688713908195496 10
1749212220041 0.8785567283630371 11
1749212221228 0.8835248947143555 12
1749212222426 0.9063079953193665 13
1749212223549 0.9177999496459961 14
1749212225089 0.919154942035675 15
1749212226649 0.9261303544044495 16
1749212227730 0.9337581992149353 17
1749212228822 0.9342600703239441 18
1749212247416 0.8444321751594543 19
