1749212205408 0.0010000000474974513 0
1749212206672 0.0010000000474974513 1
1749212208313 0.0010000000474974513 2
1749212209989 0.0010000000474974513 3
1749212211311 0.0010000000474974513 4
1749212212408 0.0010000000474974513 5
1749212213540 0.0010000000474974513 6
1749212214889 0.0010000000474974513 7
1749212216133 0.0010000000474974513 8
1749212217440 0.0010000000474974513 9
1749212218733 0.0010000000474974513 10
1749212220041 0.0010000000474974513 11
1749212221228 0.0010000000474974513 12
1749212222426 0.00020000000949949026 13
1749212223549 0.00020000000949949026 14
1749212225089 0.00020000000949949026 15
1749212226649 0.00020000000949949026 16
1749212227730 4.0000002627493814e-05 17
1749212228822 4.0000002627493814e-05 18
1749212247416 0.0010000000474974513 19
