1749212205408 1.4814879894256592 0
1749212206672 1.0262898206710815 1
1749212208313 0.8729761838912964 2
1749212209989 0.7771571278572083 3
1749212211311 0.6959783434867859 4
1749212212408 0.6123465895652771 5
1749212213540 0.5644558668136597 6
1749212214889 0.5118117332458496 7
1749212216133 0.4807540774345398 8
1749212217440 0.4428226947784424 9
1749212218733 0.4052569270133972 10
1749212220041 0.38041478395462036 11
1749212221228 0.364719957113266 12
1749212222426 0.2832781672477722 13
1749212223549 0.2527512311935425 14
1749212225089 0.23955821990966797 15
1749212226649 0.22046901285648346 16
1749212227730 0.19823715090751648 17
1749212228822 0.1976829320192337 18
1749212247416 0.4807540774345398 19
