1749212205408 0.7321951389312744 0
1749212206672 0.7967537641525269 1
1749212208313 0.8278067111968994 2
1749212209989 0.8434464335441589 3
1749212211311 0.8558096885681152 4
1749212212408 0.8737241625785828 5
1749212213540 0.8796731233596802 6
1749212214889 0.8906046152114868 7
1749212216133 0.8943744897842407 8
1749212217440 0.9003267288208008 9
1749212218733 0.9066441059112549 10
1749212220041 0.9128788113594055 11
1749212221228 0.9156743288040161 12
1749212222426 0.9319002032279968 13
1749212223549 0.9401156902313232 14
1749212225089 0.9396895170211792 15
1749212226649 0.9451811909675598 16
1749212227730 0.9496832489967346 17
1749212228822 0.9502753615379333 18
1749212247416 0.8943744897842407 19
