1749212205408 0.3766246736049652 0
1749212206672 0.5616500377655029 1
1749212208313 0.6301500201225281 2
1749212209989 0.6710493564605713 3
1749212211311 0.7041200399398804 4
1749212212408 0.7388969659805298 5
1749212213540 0.7616299390792847 6
1749212214889 0.7872735261917114 7
1749212216133 0.8018266558647156 8
1749212217440 0.8159281611442566 9
1749212218733 0.8333919048309326 10
1749212220041 0.8465900421142578 11
1749212221228 0.8528127670288086 12
1749212222426 0.8810659050941467 13
1749212223549 0.8973252177238464 14
1749212225089 0.8991820216178894 15
1749212226649 0.9085161089897156 16
1749212227730 0.9177999496459961 17
1749212228822 0.9177999496459961 18
1749212247416 0.8018266558647156 19
