1749211976788 0.5341496467590332 0
1749211980492 0.6782757043838501 1
1749211984278 0.7271541357040405 2
1749211988331 0.7530987858772278 3
1749211991321 0.7820042967796326 4
1749211994103 0.7989662289619446 5
1749211995621 0.8169317841529846 6
1749211996761 0.8304310441017151 7
1749211998004 0.845987856388092 8
1749211999217 0.8627992272377014 9
1749212000737 0.8841270804405212 10
1749212002254 0.8955186605453491 11
1749212003510 0.9018417000770569 12
1749212004915 0.9076629877090454 13
1749212006285 0.9141365885734558 14
1749212007410 0.913032591342926 15
1749212013901 0.7989662289619446 16
