1749211976788 0.0010000000474974513 0
1749211980492 0.0010000000474974513 1
1749211984278 0.0010000000474974513 2
1749211988331 0.0010000000474974513 3
1749211991321 0.0010000000474974513 4
1749211994103 0.0010000000474974513 5
1749211995621 0.0010000000474974513 6
1749211996761 0.0010000000474974513 7
1749211998004 0.0010000000474974513 8
1749211999217 0.0010000000474974513 9
1749212000737 0.00020000000949949026 10
1749212002254 0.00020000000949949026 11
1749212003510 0.00020000000949949026 12
1749212004915 0.00020000000949949026 13
1749212006285 4.0000002627493814e-05 14
1749212007410 4.0000002627493814e-05 15
1749212013901 0.0010000000474974513 16
