1749211976788 1.4928367137908936 0
1749211980492 1.018526554107666 1
1749211984278 0.8625035285949707 2
1749211988331 0.7693588137626648 3
1749211991321 0.6878111362457275 4
1749211994103 0.620586097240448 5
1749211995621 0.5626325011253357 6
1749211996761 0.5206834077835083 7
1749211998004 0.47381600737571716 8
1749211999217 0.4301565885543823 9
1749212000737 0.3491660952568054 10
1749212002254 0.3134628236293793 11
1749212003510 0.2930419445037842 12
1749212004915 0.27444401383399963 13
1749212006285 0.2547818124294281 14
1749212007410 0.25726547837257385 15
1749212013901 0.620586097240448 16
