1749211976788 0.7341809272766113 0
1749211980492 0.798561692237854 1
1749211984278 0.8247476816177368 2
1749211988331 0.8412119746208191 3
1749211991321 0.859066903591156 4
1749211994103 0.8683635592460632 5
1749211995621 0.8807275891304016 6
1749211996761 0.8862677812576294 7
1749211998004 0.892962634563446 8
1749211999217 0.9054619669914246 9
1749212000737 0.9212289452552795 10
1749212002254 0.9267678260803223 11
1749212003510 0.9311923980712891 12
1749212004915 0.9343453049659729 13
1749212006285 0.9395749568939209 14
1749212007410 0.9361231327056885 15
1749212013901 0.8683635592460632 16
