1749211976788 0.37672504782676697 0
1749211980492 0.5628042221069336 1
1749211984278 0.631505012512207 2
1749211988331 0.6715511679649353 3
1749211991321 0.7105936408042908 4
1749211994103 0.737893283367157 5
1749211995621 0.7629848718643188 6
1749211996761 0.7805489897727966 7
1749211998004 0.8042354583740234 8
1749211999217 0.825262188911438 9
1749212000737 0.8486475348472595 10
1749212002254 0.8675164580345154 11
1749212003510 0.8774527311325073 12
1749212004915 0.8834245204925537 13
1749212006285 0.8919054269790649 14
1749212007410 0.8913534283638 15
1749212013901 0.737893283367157 16
