1749211705494 0.533748209476471 0
1749211706928 0.6760174632072449 1
1749211708290 0.7209815979003906 2
1749211709601 0.7563105225563049 3
1749211710925 0.7809504866600037 4
1749211712050 0.7986651062965393 5
1749211713228 0.8177849054336548 6
1749211714644 0.8334420919418335 7
1749211715845 0.8452351093292236 8
1749211717344 0.8598886132240295 9
1749211718576 0.8685200810432434 10
1749211719640 0.8931600451469421 11
1749211720795 0.9051036238670349 12
1749211722179 0.9129824042320251 13
1749211723721 0.9162944555282593 14
1749211724954 0.9211622476577759 15
1749211726449 0.9262307286262512 16
1749211734795 0.8177849054336548 17
