1749211705494 0.0010000000474974513 0
1749211706928 0.0010000000474974513 1
1749211708290 0.0010000000474974513 2
1749211709601 0.0010000000474974513 3
1749211710925 0.0010000000474974513 4
1749211712050 0.0010000000474974513 5
1749211713228 0.0010000000474974513 6
1749211714644 0.0010000000474974513 7
1749211715845 0.0010000000474974513 8
1749211717344 0.0010000000474974513 9
1749211718576 0.0010000000474974513 10
1749211719640 0.00020000000949949026 11
1749211720795 0.00020000000949949026 12
1749211722179 0.00020000000949949026 13
1749211723721 0.00020000000949949026 14
1749211724954 4.0000002627493814e-05 15
1749211726449 4.0000002627493814e-05 16
1749211734795 0.0010000000474974513 17
