1749211705494 1.4741872549057007 0
1749211706928 1.0227210521697998 1
1749211708290 0.8832567930221558 2
1749211709601 0.7601003050804138 3
1749211710925 0.6798061728477478 4
1749211712050 0.6210874319076538 5
1749211713228 0.5588987469673157 6
1749211714644 0.5098870992660522 7
1749211715845 0.478320837020874 8
1749211717344 0.4291715621948242 9
1749211718576 0.40355193614959717 10
1749211719640 0.3239615857601166 11
1749211720795 0.28630900382995605 12
1749211722179 0.2674403190612793 13
1749211723721 0.24909837543964386 14
1749211724954 0.23529034852981567 15
1749211726449 0.22479543089866638 16
1749211734795 0.5588987469673157 17
