1749211705494 0.7254013419151306 0
1749211706928 0.7976352572441101 1
1749211708290 0.8206682801246643 2
1749211709601 0.8443124890327454 3
1749211710925 0.8589984774589539 4
1749211712050 0.8667765259742737 5
1749211713228 0.8791984915733337 6
1749211714644 0.8875595331192017 7
1749211715845 0.892835259437561 8
1749211717344 0.9022548198699951 9
1749211718576 0.9058156609535217 10
1749211719640 0.9246487021446228 11
1749211720795 0.9318435192108154 12
1749211722179 0.9381617903709412 13
1749211723721 0.9370927214622498 14
1749211724954 0.9434942007064819 15
1749211726449 0.9457538723945618 16
1749211734795 0.8791984915733337 17
