1749211705494 0.36959904432296753 0
1749211706928 0.5585888624191284 1
1749211708290 0.6248807907104492 2
1749211709601 0.677924394607544 3
1749211710925 0.7101922035217285 4
1749211712050 0.7391980886459351 5
1749211713228 0.7618808746337891 6
1749211714644 0.785517156124115 7
1749211715845 0.8035830855369568 8
1749211717344 0.8212977647781372 9
1749211718576 0.8339940905570984 10
1749211719640 0.8652080297470093 11
1749211720795 0.880965530872345 12
1749211722179 0.8892457485198975 13
1749211723721 0.8948161005973816 14
1749211724954 0.9024439454078674 15
1749211726449 0.9081647992134094 16
1749211734795 0.7618808746337891 17
