1749212608642 0.5399206876754761 0
1749212609954 0.6720027923583984 1
1749212611456 0.7234907150268555 2
1749212613112 0.7579665780067444 3
1749212614515 0.7790434956550598 4
1749212615743 0.8008731603622437 5
1749212617082 0.8185878396034241 6
1749212618359 0.8345962762832642 7
1749212619875 0.8451347351074219 8
1749212621281 0.8579314351081848 9
1749212622555 0.8853816390037537 10
1749212623699 0.8986802101135254 11
1749212624877 0.903648316860199 12
1749212625929 0.9107241630554199 13
1749212627394 0.9189040064811707 14
1749212628917 0.9177497625350952 15
1749212635446 0.8008731603622437 16
