1749212608642 0.0010000000474974513 0
1749212609954 0.0010000000474974513 1
1749212611456 0.0010000000474974513 2
1749212613112 0.0010000000474974513 3
1749212614515 0.0010000000474974513 4
1749212615743 0.0010000000474974513 5
1749212617082 0.0010000000474974513 6
1749212618359 0.0010000000474974513 7
1749212619875 0.0010000000474974513 8
1749212621281 0.0010000000474974513 9
1749212622555 0.00020000000949949026 10
1749212623699 0.00020000000949949026 11
1749212624877 0.00020000000949949026 12
1749212625929 0.00020000000949949026 13
1749212627394 4.0000002627493814e-05 14
1749212628917 4.0000002627493814e-05 15
1749212635446 0.0010000000474974513 16
