1749212608642 1.4549028873443604 0
1749212609954 1.0259801149368286 1
1749212611456 0.8655033111572266 2
1749212613112 0.7646310329437256 3
1749212614515 0.6900976896286011 4
1749212615743 0.6149250268936157 5
1749212617082 0.5572904348373413 6
1749212618359 0.5114057064056396 7
1749212619875 0.475486695766449 8
1749212621281 0.4328312873840332 9
1749212622555 0.34473711252212524 10
1749212623699 0.3119364380836487 11
1749212624877 0.29013559222221375 12
1749212625929 0.2747199535369873 13
1749212627394 0.251452773809433 14
1749212628917 0.249269500374794 15
1749212635446 0.6149250268936157 16
