1749212608642 0.7352370023727417 0
1749212609954 0.7950843572616577 1
1749212611456 0.824831485748291 2
1749212613112 0.8431470990180969 3
1749212614515 0.8552455306053162 4
1749212615743 0.868605375289917 5
1749212617082 0.879146933555603 6
1749212618359 0.8874368071556091 7
1749212619875 0.8948458433151245 8
1749212621281 0.9007099866867065 9
1749212622555 0.9217716455459595 10
1749212623699 0.9292253255844116 11
1749212624877 0.9321573376655579 12
1749212625929 0.9354565143585205 13
1749212627394 0.9425105452537537 14
1749212628917 0.9395422339439392 15
1749212635446 0.868605375289917 16
