1749212608642 0.37988659739494324 0
1749212609954 0.5535705089569092 1
1749212611456 0.6264364719390869 2
1749212613112 0.6733075976371765 3
1749212614515 0.7044713497161865 4
1749212615743 0.7404526472091675 5
1749212617082 0.763336181640625 6
1749212618359 0.7837607264518738 7
1749212619875 0.8024288415908813 8
1749212621281 0.8212475776672363 9
1749212622555 0.8532643914222717 10
1749212623699 0.871029257774353 11
1749212624877 0.8777537941932678 12
1749212625929 0.8858834505081177 13
1749212627394 0.8967732191085815 14
1749212628917 0.896070659160614 15
1749212635446 0.7404526472091675 16
