1749211848544 0.537110447883606 0
1749211854055 0.6745621562004089 1
1749211857117 0.7267526388168335 2
1749211859688 0.7564108967781067 3
1749211862542 0.7833592891693115 4
1749211865342 0.8033823370933533 5
1749211868660 0.8267174959182739 6
1749211871703 0.8375570774078369 7
1749211875920 0.8509058356285095 8
1749211879761 0.8599889874458313 9
1749211883069 0.8873889446258545 10
1749211886106 0.8976263403892517 11
1749211887343 0.9057559967041016 12
1749211888742 0.9101721048355103 13
1749211890297 0.9177999496459961 14
1749211891435 0.9213128089904785 15
1749211898176 0.8033823370933533 16
