1749211848544 0.0010000000474974513 0
1749211854055 0.0010000000474974513 1
1749211857117 0.0010000000474974513 2
1749211859688 0.0010000000474974513 3
1749211862542 0.0010000000474974513 4
1749211865342 0.0010000000474974513 5
1749211868660 0.0010000000474974513 6
1749211871703 0.0010000000474974513 7
1749211875920 0.0010000000474974513 8
1749211879761 0.0010000000474974513 9
1749211883069 0.00020000000949949026 10
1749211886106 0.00020000000949949026 11
1749211887343 0.00020000000949949026 12
1749211888742 0.00020000000949949026 13
1749211890297 4.0000002627493814e-05 14
1749211891435 4.0000002627493814e-05 15
1749211898176 0.0010000000474974513 16
