1749211848544 1.481428861618042 0
1749211854055 1.0247384309768677 1
1749211857117 0.8623809814453125 2
1749211859688 0.7598605155944824 3
1749211862542 0.6761524081230164 4
1749211865342 0.6111559271812439 5
1749211868660 0.5431002378463745 6
1749211871703 0.49873974919319153 7
1749211875920 0.45663896203041077 8
1749211879761 0.4317866265773773 9
1749211883069 0.3460405170917511 10
1749211886106 0.30722132325172424 11
1749211887343 0.2856065630912781 12
1749211888742 0.2677208185195923 13
1749211890297 0.24762064218521118 14
1749211891435 0.24087077379226685 15
1749211898176 0.6111559271812439 16
