1749211848544 0.7305749654769897 0
1749211854055 0.7992671728134155 1
1749211857117 0.8254936933517456 2
1749211859688 0.8428152203559875 3
1749211862542 0.8603851199150085 4
1749211865342 0.8692952394485474 5
1749211868660 0.8832751512527466 6
1749211871703 0.8894912004470825 7
1749211875920 0.8958402872085571 8
1749211879761 0.9041473865509033 9
1749211883069 0.9206134676933289 10
1749211886106 0.9272348284721375 11
1749211887343 0.93180251121521 12
1749211888742 0.9336540699005127 13
1749211890297 0.9409598112106323 14
1749211891435 0.9430868625640869 15
1749211898176 0.8692952394485474 16
