1749211848544 0.3774777948856354 0
1749211854055 0.5582877397537231 1
1749211857117 0.6314548254013062 2
1749211859688 0.6772720217704773 3
1749211862542 0.7153108716011047 4
1749211865342 0.7446178793907166 5
1749211868660 0.774677574634552 6
1749211871703 0.7904852628707886 7
1749211875920 0.810558557510376 8
1749211879761 0.8227028846740723 9
1749211883069 0.8554724454879761 10
1749211886106 0.8703266978263855 11
1749211887343 0.8817684650421143 12
1749211888742 0.8862849473953247 13
1749211890297 0.8973754048347473 14
1749211891435 0.9005871415138245 15
1749211898176 0.7446178793907166 16
